Grasp Time:
	mean: 1.761510497645328
	variance: 0.0010257803043652652
Grasp Distance:
	mean: 0.015132819847612342
	variance: 4.789373320057131e-05
